 count |  co  | strengh |        avg        |        avg        
-------+------+---------+-------------------+-------------------
 26987 |    1 |   26987 |       0.899563526 |       0.762409637
 23820 |    1 |   23820 |      0.8735245972 |      0.7547241369
 19280 |    1 |   19280 |       0.767086277 |      0.6844072314
 15056 |    1 |   15056 |      0.6431151415 |       0.640684379
 13668 |    1 |   13668 |       0.861331201 |      0.8245826785
 13050 |    1 |   13050 |      0.4609117406 |       0.644203576
 11495 |    1 |   11495 |      0.8312051672 |       0.756014733
 11458 |    1 |   11458 |      0.7066769283 |      0.6955029702
 10895 |    1 |   10895 |      0.7302712226 |      0.6592115384
 10818 |    1 |   10818 |       0.735316946 |      0.6590180905
 10800 |    1 |   10800 |      0.8368048682 |      0.8065757649
  9870 |    1 |    9870 |        0.85592813 |      0.8087429406
  9771 |    1 |    9771 |      0.7320243492 |      0.6863149759
  9620 |    1 |    9620 |      0.8459441405 |      0.8648633351
  9499 |    1 |    9499 |      0.7502612572 |      0.6989687924
  9475 |    1 |    9475 |      0.8433409118 |      0.8062930773
  8916 |    1 |    8916 |      0.7346105998 |      0.6766788876
  8837 |    1 |    8837 |      0.8344966908 |      0.8307801573
  8077 |    1 |    8077 |      0.7158607327 |      0.6791609091
  7921 |    1 |    7921 |      0.6324189837 |      0.6371936055
  7824 |    1 |    7824 |      0.5852690217 |      0.6742960202
  7370 |    1 |    7370 |      0.8019056918 |      0.7347875719
  7358 |    1 |    7358 |      0.8656302101 |      0.8275226524
  7293 |    1 |    7293 |      0.8074920787 |      0.8395730459
  7074 |    1 |    7074 |      0.6316633934 |      0.6255224355
  6959 |    1 |    6959 |       0.622547639 |      0.6884441946
  6847 |    1 |    6847 |      0.6068803629 |      0.6268301753
  6794 |    1 |    6794 |      0.7900230982 |        0.76377006
  6726 |    1 |    6726 |      0.8029326664 |      0.7776207385
  6497 |    1 |    6497 |      0.6955336215 |      0.6688381165
  6369 |    1 |    6369 |      0.7710485315 |      0.7245748287
  6324 |    1 |    6324 |      0.6138293119 |      0.6379490487
  6322 |    1 |    6322 |      0.6141848004 |      0.6569360559
  6011 |    1 |    6011 |      0.8246549786 |      0.8114764831
  5973 |    1 |    5973 |      0.7334559529 |      0.7995807446
  5778 |    1 |    5778 |      0.6865028488 |      0.6425881396
  5572 |    1 |    5572 |      0.4753700931 |      0.5821849371
  5568 |    1 |    5568 |      0.8339601942 |      0.7788464616
  5565 |    1 |    5565 |      0.8195075621 |       0.800531087
  5557 |    1 |    5557 |      0.8280643258 |      0.8636651086
  5447 |    1 |    5447 |      0.6390798957 |      0.6718178508
  5441 |    1 |    5441 |      0.8147291899 |      0.7855208608
  5425 |    1 |    5425 |      0.6179497721 |      0.6123126855
  5363 |    1 |    5363 |      0.7438031038 |      0.8593658019
  5350 |    1 |    5350 |      0.7924739166 |      0.8139141756
  5275 |    1 |    5275 |      0.4384470722 |       0.531414062
  5091 |    1 |    5091 |       0.801245393 |      0.8155828912
  4974 |    1 |    4974 |      0.8298812562 |      0.9090776291
  4846 |    1 |    4846 |      0.7501816533 |       0.748889242
  4597 |    1 |    4597 |      0.8287997946 |      0.8853605494
  4482 |    1 |    4482 |      0.5989066188 |      0.6150131462
  4454 |    1 |    4454 |      0.7469120732 |      0.8476077226
  4438 |    1 |    4438 |      0.5558020628 |      0.6037794954
  4215 |    1 |    4215 |       0.806567289 |      0.8871777987
  4192 |    1 |    4192 |      0.6681208519 |      0.6820465829
  4186 |    1 |    4186 |      0.8272714313 |      0.8969052434
  4089 |    1 |    4089 |      0.6172322447 |      0.7122471669
  4082 |    1 |    4082 |      0.8490705349 |      0.8417002958
  4040 |    1 |    4040 |      0.6299136552 |      0.6765313319
  3980 |    1 |    3980 |      0.5875231011 |      0.6154043822
  3967 |    1 |    3967 |      0.6381390802 |      0.6481570731
  3954 |    1 |    3954 |      0.8191349909 |      0.8400264756
  3779 |    1 |    3779 |      0.3023587207 |      0.5060362377
  3735 |    1 |    3735 |      0.8154309018 |      0.8801336636
  3716 |    1 |    3716 |      0.7601833954 |      0.7565670812
  3680 |    1 |    3680 |      0.6218039316 |      0.6497133289
  3666 |    1 |    3666 |      0.8304697373 |      0.8230653379
  3595 |    1 |    3595 |      0.8463470484 |      0.8921022249
  3575 |    1 |    3575 |      0.5197782759 |      0.6647163531
  3409 |    1 |    3409 |       0.585664123 |      0.6387023138
  3394 |    1 |    3394 |      0.8154715623 |      0.8113264949
  3351 |    1 |    3351 |      0.6344380898 |      0.6835537023
  3315 |    1 |    3315 |      0.6091484038 |      0.6401234691
  3312 |    1 |    3312 |      0.5830462467 |      0.6996023722
  3213 |    1 |    3213 |      0.5138381814 |      0.6814258418
  3206 |    1 |    3206 |       0.647856578 |      0.7895399386
  3152 |    1 |    3152 |      0.4462061022 |      0.5588796083
  3103 |    1 |    3103 |       0.403395593 |      0.5326281621
  3037 |    1 |    3037 |      0.7019794822 |      0.7820696469
  2949 |    1 |    2949 |      0.5618187421 |       0.617116809
  2930 |    1 |    2930 |      0.8336093808 |      0.9267526483
  5860 |    2 |    2930 |      0.7719401624 |      0.7739771996
  2877 |    1 |    2877 |      0.6906578341 |      0.7057819973
  2840 |    1 |    2840 |      0.8122315921 |      0.8533312798
  2830 |    1 |    2830 |      0.8172631726 |      0.8701780468
  2824 |    1 |    2824 |      0.7950695351 |      0.8956693508
  2819 |    1 |    2819 |      0.7896991762 |      0.8990184087
  2729 |    1 |    2729 |      0.6652106004 |      0.6788846853
  2722 |    1 |    2722 |      0.5501535835 |      0.6035858843
  2682 |    1 |    2682 |      0.8124146594 |      0.9049380695
  2643 |    1 |    2643 |      0.8204517752 |      0.9125703124
  2601 |    1 |    2601 |      0.5878548752 |      0.6304080103
  2572 |    1 |    2572 |       0.457020645 |      0.6320362686
  2567 |    1 |    2567 |      0.4212770546 |      0.5783448242
  2561 |    1 |    2561 |      0.6191786562 |      0.7840613196
  2559 |    1 |    2559 |      0.4909928774 |      0.6503095164
  2545 |    1 |    2545 |      0.2615365308 |      0.4769295108
  2516 |    1 |    2516 |      0.8122367669 |      0.8631627492
  2514 |    1 |    2514 |      0.4630845807 |      0.5547114245
  2512 |    1 |    2512 |      0.7974504319 |      0.8407592425
  2427 |    1 |    2427 |      0.7721813079 |      0.8370851593
  2414 |    1 |    2414 |      0.7994264622 |      0.7980210941
  2411 |    1 |    2411 |      0.8088902965 |      0.9091439836
  2276 |    1 |    2276 |      0.4873164213 |      0.6335240657
  2260 |    1 |    2260 |      0.3440027758 |      0.5467237148
  2235 |    1 |    2235 |      0.6351637414 |        0.64931223
  2224 |    1 |    2224 |      0.5892896481 |      0.6786873787
  2173 |    1 |    2173 |      0.5384141143 |      0.6060451961
  2117 |    1 |    2117 |      0.4328751801 |      0.5781485749
  2107 |    1 |    2107 |      0.5510877143 |      0.6111217955
  2089 |    1 |    2089 |      0.2711421253 |      0.4800025153
  2056 |    1 |    2056 |      0.8118132949 |      0.8873101114
  2040 |    1 |    2040 |      0.3455247389 |      0.5741412313
  2036 |    1 |    2036 |       0.702881532 |       0.742370214
  2013 |    1 |    2013 |      0.5681129896 |      0.6364831832
  1998 |    1 |    1998 |      0.4822335946 |      0.6442335851
  1927 |    1 |    1927 |      0.2343932571 |      0.4773231177
  1904 |    1 |    1904 |      0.6738438481 |      0.8122188481
  1875 |    1 |    1875 |      0.4868232992 |      0.6439766202
  1864 |    1 |    1864 |      0.2903319239 |      0.5311136706
  1856 |    1 |    1856 |      0.8053522467 |      0.8890654699
  1833 |    1 |    1833 |      0.7747149894 |      0.8838957383
  1829 |    1 |    1829 |      0.5277167158 |      0.6135253168
  1827 |    1 |    1827 |       0.774209001 |      0.8369400434
  1822 |    1 |    1822 |      0.8156015571 |      0.8738932596
  1819 |    1 |    1819 |      0.3883337877 |      0.5351346728
  1772 |    1 |    1772 |      0.7950035931 |      0.8955079481
  1744 |    1 |    1744 |      0.5033587325 |      0.6254648242
  1696 |    1 |    1696 |      0.2129061958 |      0.4742532004
  1682 |    1 |    1682 |      0.4726922971 |      0.5873120921
  1666 |    1 |    1666 |      0.6987951911 |      0.8243877811
  1653 |    1 |    1653 |      0.8030845871 |      0.8932118169
  1646 |    1 |    1646 |      0.8153693635 |      0.8192188495
  1645 |    1 |    1645 |      0.5212793737 |      0.6543968334
  1632 |    1 |    1632 |      0.7969550151 |      0.8435898969
  1610 |    1 |    1610 |      0.7846091639 |      0.8876851868
  1549 |    1 |    1549 |       0.730878463 |      0.8037782256
  1548 |    1 |    1548 |      0.5116107109 |      0.6529105675
  1540 |    1 |    1540 |      0.5088199061 |      0.6292436644
  1529 |    1 |    1529 |      0.6199130485 |      0.6849832353
  1513 |    1 |    1513 |      0.7902660432 |      0.8910083358
  1507 |    1 |    1507 |      0.7954151829 |      0.8890337061
  1505 |    1 |    1505 |      0.5732722587 |      0.6393280908
  1500 |    1 |    1500 |      0.6213547234 |      0.7882280635
  1493 |    1 |    1493 |      0.8170922805 |      0.8750683907
  1485 |    1 |    1485 |      0.7544232094 |      0.8063100857
  1470 |    1 |    1470 |      0.5900489791 |      0.7089148642
  1453 |    1 |    1453 |      0.3999990167 |       0.556091717
  2894 |    2 |    1447 |     0.80719822065 |      0.8604086297
  1423 |    1 |    1423 |      0.3036247097 |      0.5061792736
  1417 |    1 |    1417 |      0.4732161582 |      0.5958668392
  1401 |    1 |    1401 |      0.5968256788 |      0.6637112238
  1395 |    1 |    1395 |      0.5725240267 |      0.6423449258
  1383 |    1 |    1383 |      0.8171808536 |      0.8132077283
  1379 |    1 |    1379 |      0.4759258133 |      0.6295912818
  1377 |    1 |    1377 |      0.4101254053 |      0.5566281607
  1355 |    1 |    1355 |      0.4925743413 |      0.6016735859
  1349 |    1 |    1349 |       0.283480781 |      0.5082997551
  1341 |    1 |    1341 |      0.4518421406 |       0.631369845
  1305 |    1 |    1305 |      0.6210744624 |      0.6723971712
  1293 |    1 |    1293 |      0.6061669324 |      0.6948359137
  1292 |    1 |    1292 |       0.812883668 |      0.8928155948
  1291 |    1 |    1291 |      0.8229827414 |      0.8345062445
  1288 |    1 |    1288 |        0.38430282 |      0.5596039555
  1280 |    1 |    1280 |      0.1205455934 |        0.40603356
  1278 |    1 |    1278 |      0.3515603147 |      0.5262782853
  1270 |    1 |    1270 |       0.828098724 |      0.8578104238
  1259 |    1 |    1259 |      0.6113575338 |      0.6702469123
  1253 |    1 |    1253 |      0.0921040597 |      0.3529216902
  1251 |    1 |    1251 |      0.8281580935 |      0.8495569601
  1237 |    1 |    1237 |       0.803455218 |      0.8753122691
  1225 |    1 |    1225 |      0.5344286419 |      0.6844786418
  1212 |    1 |    1212 |      0.7507662968 |      0.8674896817
  1204 |    1 |    1204 |      0.4794515503 |      0.6182202596
  1198 |    1 |    1198 |      0.8376567308 |      0.8885250373
  1196 |    1 |    1196 |      0.8022862269 |      0.8574752434
  1193 |    1 |    1193 |      0.6395542033 |      0.6479264559
  1188 |    1 |    1188 |      0.2045837056 |      0.4948482756
  1169 |    1 |    1169 |      0.8484569317 |      0.8823346134
  1164 |    1 |    1164 |      0.5823955713 |       0.729049249
  1158 |    1 |    1158 |      0.6546562925 |      0.7847990817
  1150 |    1 |    1150 |      0.4580170094 |      0.5958175983
  1145 |    1 |    1145 |      0.4847169211 |      0.6135816235
  1143 |    1 |    1143 |      0.5883653524 |       0.671221767
  1139 |    1 |    1139 |      0.5483480698 |      0.6392191033
  1131 |    1 |    1131 |      0.8126447778 |      0.8828369207
  1127 |    1 |    1127 |      0.2185935525 |      0.4843098882
  1124 |    1 |    1124 |      0.4898048417 |      0.6350328536
  1117 |    1 |    1117 |      0.8028631244 |      0.8709142192
  1109 |    1 |    1109 |      0.8717649413 |      0.9019717026
  1103 |    1 |    1103 |        0.34369398 |      0.5649442684
  1096 |    1 |    1096 |      0.1238665975 |      0.4120936229
  1095 |    1 |    1095 |      0.8088117894 |      0.9004084304
  1092 |    1 |    1092 |      0.8104105037 |       0.899369793
  1083 |    1 |    1083 |      0.4990084823 |      0.6717143336
  1081 |    1 |    1081 |      0.8611342833 |      0.9152516185
  1076 |    1 |    1076 |      0.7511103095 |      0.8691295711
  1056 |    1 |    1056 |      0.4154300424 |      0.6150695457
  1053 |    1 |    1053 |      0.8325184297 |      0.8669855965
  1051 |    1 |    1051 |      0.3573607967 |      0.5340923952
  1042 |    1 |    1042 |      0.7385084284 |      0.8172466738
  1038 |    1 |    1038 |      0.2845171104 |      0.4907695743
  1034 |    1 |    1034 |      0.7357138806 |      0.8257458965
  1025 |    1 |    1025 |      0.8089731384 |       0.888208777
  1012 |    1 |    1012 |      0.8245444768 |      0.9232083008
  1004 |    1 |    1004 |      0.6029960944 |      0.7670436861
   998 |    1 |     998 |      0.7715921022 |      0.8827140897
   990 |    1 |     990 |      0.8315866551 |      0.9169329142
   979 |    1 |     979 |      0.8068258165 |      0.8992316154
   971 |    1 |     971 |      0.6045550189 |       0.688512843
   940 |    1 |     940 |      0.5576400117 |      0.6489460311
   938 |    1 |     938 |      0.8134509908 |      0.8858265846
   933 |    1 |     933 |      0.7860612823 |      0.9101256604
   914 |    1 |     914 |      0.6108149028 |      0.7372579888
   913 |    1 |     913 |      0.2820935876 |      0.5197942935
  1809 |    2 |     904 |     0.32124177255 |      0.5411591999
   903 |    1 |     903 |      0.4318192663 |      0.6051900643
   899 |    1 |     899 |      0.8159428336 |      0.8935532819
   898 |    1 |     898 |      0.4193430815 |       0.610355937
   889 |    1 |     889 |      0.5702584335 |      0.7120260581
   881 |    1 |     881 |      0.3564966025 |      0.5581388011
   877 |    1 |     877 |      0.4114523441 |      0.6046678932
  1754 |    2 |     877 |     0.37570977995 |      0.5919992001
   873 |    1 |     873 |      0.1297372395 |      0.4139351891
   871 |    1 |     871 |       0.821945565 |      0.8605235459
   869 |    1 |     869 |      0.5990222503 |      0.7596666896
   868 |    1 |     868 |      0.1158625162 |       0.405041599
   865 |    1 |     865 |      0.4917503665 |      0.6616613649
   864 |    1 |     864 |      0.3851162375 |      0.5589055462
   863 |    1 |     863 |      0.7943672323 |      0.8835382476
   859 |    1 |     859 |      0.8035910426 |      0.8948966099
   855 |    1 |     855 |      0.8118082852 |      0.8477699328
   850 |    1 |     850 |      0.3913767487 |       0.593747436
   849 |    1 |     849 |      0.7190226068 |      0.8309058439
   840 |    1 |     840 |      0.5020782184 |      0.6366836741
   839 |    1 |     839 |      0.7975145766 |       0.891818764
   830 |    1 |     830 |      0.1171043736 |      0.4030192709
   829 |    1 |     829 |       0.489303038 |      0.6674773189
   826 |    1 |     826 |      0.3701456882 |      0.5550523427
   820 |    1 |     820 |      0.7990490193 |      0.8795745032
   819 |    1 |     819 |      0.7948034846 |      0.8863728038
   810 |    1 |     810 |      0.1204328577 |      0.4177077011
   802 |    1 |     802 |      0.1141770262 |      0.4007923708
   789 |    1 |     789 |      0.5293468018 |      0.6835509886
  1575 |    2 |     787 |     0.69797811865 |     0.76891121275
   785 |    1 |     785 |      0.3631572988 |      0.5779306096
   782 |    1 |     782 |      0.3018343061 |      0.5312798154
   781 |    1 |     781 |      0.7758606841 |      0.8428768235
   776 |    1 |     776 |      0.5824978742 |       0.741318755
   774 |    1 |     774 |      0.8136363036 |       0.876244262
   758 |    1 |     758 |      0.5664564096 |      0.7237162439
   751 |    1 |     751 |      0.5379659314 |      0.6527620296
   750 |    1 |     750 |      0.7731856355 |      0.8418110789
   745 |    1 |     745 |      0.3092873562 |       0.527490023
   740 |    1 |     740 |      0.8447197824 |      0.9215528542
   723 |    1 |     723 |      0.6045374631 |      0.7654174865
   718 |    1 |     718 |      0.8029784169 |       0.898611687
   715 |    1 |     715 |      0.5019771085 |      0.6648633347
   710 |    1 |     710 |      0.1306933743 |      0.4330946958
   705 |    1 |     705 |       0.768334563 |      0.8797850034
   703 |    1 |     703 |      0.4173131801 |      0.6016905017
  1399 |    2 |     699 |      0.8008982964 |      0.8968222795
   698 |    1 |     698 |      0.8197860193 |       0.894303141
   696 |    1 |     696 |      0.7965458678 |      0.8719394638
   687 |    1 |     687 |      0.2473240157 |      0.4997335844
   685 |    1 |     685 |      0.8021404496 |      0.8488269477
   679 |    1 |     679 |      0.8234871035 |      0.9083429336
   677 |    1 |     677 |      0.4392020641 |      0.6217216834
   673 |    1 |     673 |      0.1504305275 |      0.4377942511
   670 |    1 |     670 |      0.7944807623 |      0.9056257856
   667 |    1 |     667 |      0.3279432919 |       0.528067017
   666 |    1 |     666 |      0.7762718803 |      0.8670795591
   665 |    1 |     665 |      0.6814990861 |      0.8004527113
   657 |    1 |     657 |      0.7922420915 |      0.8838419243
   653 |    1 |     653 |      0.4504281508 |      0.6017483837
   643 |    1 |     643 |      0.8344091315 |      0.9279954746
   640 |    1 |     640 |      0.1679667281 |       0.443103622
   638 |    1 |     638 |      0.2569383407 |      0.4963133284
   635 |    1 |     635 |      0.8156538045 |      0.9063285929
   634 |    1 |     634 |      0.8148982544 |      0.8946842173
   631 |    1 |     631 |      0.7720194015 |      0.8816565915
   625 |    1 |     625 |      0.4650977209 |      0.6326006676
   623 |    1 |     623 |      0.5785775839 |      0.6565132716
   621 |    1 |     621 |      0.4953435867 |      0.6571826195
   617 |    1 |     617 |      0.8457868007 |      0.9115239876
   612 |    1 |     612 |      0.7904440054 |      0.8902351559
   609 |    1 |     609 |      0.7819002937 |      0.8813111521
   608 |    1 |     608 |      0.2635625572 |      0.5096208582
   600 |    1 |     600 |      0.5214998205 |      0.6474531864
   595 |    1 |     595 |      0.8031481186 |      0.8860281257
   593 |    1 |     593 |      0.5750961237 |      0.7209869855
   591 |    1 |     591 |       0.486935136 |      0.6187729631
   586 |    1 |     586 |      0.5229644918 |      0.6306340465
   580 |    1 |     580 |      0.5424378505 |      0.7141751324
   578 |    1 |     578 |      0.7941879812 |      0.8976440688
   573 |    1 |     573 |      0.8879939068 |      0.9643110627
   570 |    1 |     570 |      0.6212050546 |      0.7490032003
   564 |    1 |     564 |      0.3152950785 |      0.5546134676
   561 |    1 |     561 |      0.3312793683 |      0.5589164585
   554 |    1 |     554 |      0.8321297318 |       0.908227634
   553 |    1 |     553 |      0.4188707018 |      0.6006680175
  1104 |    2 |     552 |      0.6544502211 |     0.76171079675
   549 |    1 |     549 |      0.4812845883 |      0.6676289239
   547 |    1 |     547 |      0.5476602764 |      0.6577559679
   545 |    1 |     545 |      0.4565626462 |      0.6040137152
   540 |    1 |     540 |      0.2579048404 |      0.5082539172
   537 |    1 |     537 |      0.4369055472 |      0.6302054222
   536 |    1 |     536 |      0.8168128557 |      0.9021511856
   535 |    1 |     535 |      0.4981521958 |      0.6796553792
   531 |    1 |     531 |      0.8519974295 |      0.9237667647
   529 |    1 |     529 |      0.8503560479 |      0.9119537437
   525 |    1 |     525 |       0.435570259 |      0.6366353278
   515 |    1 |     515 |      0.8501651215 |      0.9350800535
   514 |    1 |     514 |      0.4632761812 |      0.6661863209
   509 |    1 |     509 |       0.546002316 |      0.6803431163
  1016 |    2 |     508 |      0.4462821467 |     0.60710740775
   506 |    1 |     506 |      0.4845206862 |      0.6827237738
   504 |    1 |     504 |      0.4142635098 |      0.6021573898
   499 |    1 |     499 |      0.5142064406 |      0.6670936757
   498 |    1 |     498 |      0.4748445342 |      0.6467064598
   495 |    1 |     495 |      0.8498487812 |      0.9246690235
   494 |    1 |     494 |      0.5884490823 |      0.7703574821
   489 |    1 |     489 |      0.5113509826 |      0.6781166806
   483 |    1 |     483 |      0.5373613858 |       0.653986747
   481 |    1 |     481 |      0.8381799471 |      0.9227984027
   480 |    1 |     480 |      0.3447433999 |      0.5651788236
   960 |    2 |     480 |      0.5951184196 |     0.71539092355
   479 |    1 |     479 |      0.5358132941 |       0.688303211
   478 |    1 |     478 |      0.8445681361 |      0.9213185933
   468 |    1 |     468 |      0.6319191871 |      0.7906257609
   466 |    1 |     466 |      0.8424552036 |      0.9284579847
   464 |    1 |     464 |      0.7376766679 |      0.8345842968
   461 |    1 |     461 |      0.7336206476 |      0.8517438997
   458 |    1 |     458 |      0.7890099273 |      0.8996440516
   451 |    1 |     451 |      0.8213334845 |      0.9153699128
   448 |    1 |     448 |      0.7725310735 |      0.8697602379
   447 |    1 |     447 |      0.3992906282 |       0.595672801
   439 |    1 |     439 |      0.7976497931 |      0.8872174073
   438 |    1 |     438 |      0.5099848583 |      0.6656482365
   435 |    1 |     435 |      0.0527307716 |      0.3535409829
   433 |    1 |     433 |      0.7944714301 |         0.9070292
   424 |    1 |     424 |      0.2935014123 |      0.4919673527
   418 |    1 |     418 |      0.7663056928 |      0.8609978534
   415 |    1 |     415 |      0.3589965417 |      0.5433777957
   411 |    1 |     411 |      0.4605577556 |      0.6340655793
   410 |    1 |     410 |      0.5732446187 |      0.7350741733
   406 |    1 |     406 |      0.1717806771 |      0.4271214258
   400 |    1 |     400 |      0.8176562314 |      0.8961184715
   399 |    1 |     399 |      0.8181951545 |      0.9256419892
   396 |    1 |     396 |      0.0985639558 |      0.3841310195
   388 |    1 |     388 |      0.1211445027 |      0.4074139093
   386 |    1 |     386 |      0.4503198386 |      0.6297938931
   384 |    1 |     384 |      0.8066654933 |      0.8988077875
   382 |    1 |     382 |      0.4835137418 |       0.627328522
   380 |    1 |     380 |      0.5267089846 |      0.7032919931
   378 |    1 |     378 |       0.282961466 |      0.5122322829
   376 |    1 |     376 |       0.416585505 |      0.6181201439
   373 |    1 |     373 |      0.7851536996 |      0.8751548917
   368 |    1 |     368 |      0.5327688506 |      0.6946358676
   367 |    1 |     367 |      0.3121577875 |      0.5399396395
   366 |    1 |     366 |      0.8060671962 |      0.9011496195
   728 |    2 |     364 |     0.84198092805 |     0.91956659025
   363 |    1 |     363 |      0.3616981125 |      0.4756275876
   362 |    1 |     362 |      0.4114565461 |       0.614589232
   360 |    1 |     360 |      0.7808645206 |      0.8946188234
   721 |    2 |     360 |     0.64440479845 |      0.7540619706
   358 |    1 |     358 |      0.5088559471 |      0.6418750873
   356 |    1 |     356 |      0.5391521085 |      0.7201611402
   351 |    1 |     351 |      0.3616451945 |      0.5701748389
   349 |    1 |     349 |       0.793203334 |      0.9111417927
   346 |    1 |     346 |      0.1313820285 |      0.4135737756
   344 |    1 |     344 |      0.4925345317 |      0.6384307323
   343 |    1 |     343 |      0.7600121095 |       0.870283326
  1024 |    3 |     341 | 0.430711635233333 |      0.5751749616
   340 |    1 |     340 |      0.2687792006 |       0.479490046
   338 |    1 |     338 |       0.799965923 |      0.9081497117
   337 |    1 |     337 |      0.3089951813 |      0.5370309491
   335 |    1 |     335 |      0.5259528072 |      0.6724932229
   328 |    1 |     328 |       0.479718358 |       0.649892576
   327 |    1 |     327 |      0.3298435878 |      0.5614072847
   322 |    1 |     322 |      0.1911194629 |      0.4535334729
   636 |    2 |     318 |      0.2789251633 |     0.51444760235
   317 |    1 |     317 |       0.491338555 |      0.6388820686
   316 |    1 |     316 |      0.2594984693 |      0.5121233466
   314 |    1 |     314 |      0.4965717896 |      0.6567788094
   620 |    2 |     310 |     0.43081510905 |      0.6012472493
   309 |    1 |     309 |      0.7991180684 |      0.9085936441
   307 |    1 |     307 |      0.5100704044 |      0.6710510286
   302 |    1 |     302 |      0.4869461614 |       0.670594258
   297 |    1 |     297 |      0.2147526991 |      0.4574744868
   584 |    2 |     292 |      0.4124104471 |     0.61080460285
   291 |    1 |     291 |      0.5389425272 |      0.6946694405
   287 |    1 |     287 |      0.2659925038 |      0.5099693024
   286 |    1 |     286 |      0.7764702118 |      0.9069015078
   282 |    1 |     282 |      0.3628257922 |      0.5667055413
   279 |    1 |     279 |      0.4328348817 |      0.6089021076
   278 |    1 |     278 |      0.7768900324 |       0.883578023
   275 |    1 |     275 |      0.4924078715 |      0.6626391324
   274 |    1 |     274 |      0.7815232056 |      0.8996053594
   270 |    1 |     270 |      0.6521368271 |      0.7888962011
   265 |    1 |     265 |      0.8228100837 |      0.8932336122
   264 |    1 |     264 |      0.5027129407 |      0.6899942463
   261 |    1 |     261 |      0.5090415316 |      0.6577931241
   258 |    1 |     258 |      0.2390269202 |      0.4996374404
   256 |    1 |     256 |      0.4760514478 |      0.6496798348
   505 |    2 |     252 |     0.53471505165 |     0.65898609505
   250 |    1 |     250 |      0.4064771513 |      0.6136433666
   249 |    1 |     249 |      0.7714022698 |      0.8698169836
   248 |    1 |     248 |      0.4848509612 |      0.6820942097
   245 |    1 |     245 |      0.4676034407 |      0.6647807144
   244 |    1 |     244 |      0.4618722749 |       0.655620651
   482 |    2 |     241 |     0.42886530845 |     0.62405486925
   238 |    1 |     238 |      0.2477017231 |       0.492811952
   475 |    2 |     237 |     0.53658329905 |      0.7042519626
   236 |    1 |     236 |      0.1720234159 |      0.4414174777
   233 |    1 |     233 |      0.8152448217 |      0.9115759023
   232 |    1 |     232 |      0.3989484603 |        0.59324607
   460 |    2 |     230 |      0.5173504419 |     0.66260908835
   228 |    1 |     228 |      0.4766830126 |        0.66998633
   227 |    1 |     227 |      0.3957317101 |      0.6106621471
   226 |    1 |     226 |      0.2019885631 |      0.4521912108
   450 |    2 |     225 |     0.68934864415 |     0.78793723095
   221 |    1 |     221 |      0.8119091735 |      0.9137450522
   219 |    1 |     219 |      0.3726316049 |      0.5844555903
   218 |    1 |     218 |      0.4086068759 |      0.6076318282
   434 |    2 |     217 |     0.49542989255 |     0.66367937495
   647 |    3 |     215 | 0.455542659733333 | 0.646484257266667
   421 |    2 |     210 |      0.3398636244 |     0.55009108055
   416 |    2 |     208 |      0.5869655929 |     0.73697946145
   206 |    1 |     206 |      0.5183391173 |      0.6735107685
   205 |    1 |     205 |      0.3711420907 |       0.585108539
   405 |    2 |     202 |      0.4639018001 |      0.6244857699
   197 |    1 |     197 |      0.7786863279 |      0.8961171455
   390 |    2 |     195 |      0.7279361831 |     0.82866009545
   194 |    1 |     194 |      0.4369078365 |      0.6197307877
   191 |    1 |     191 |      0.4126325713 |      0.5870739995
   381 |    2 |     190 |      0.6867060757 |     0.82392986865
   190 |    1 |     190 |      0.3748032596 |      0.5754793047
   188 |    1 |     188 |      0.7115202992 |      0.8212499463
   186 |    1 |     186 |      0.3508601264 |      0.5666793373
   185 |    1 |     185 |      0.5193962701 |      0.6995215072
   369 |    2 |     184 |      0.4487414101 |     0.64801810895
   361 |    2 |     180 |     0.72156110005 |      0.8268644414
   354 |    2 |     177 |     0.32195923285 |     0.53725912795
   176 |    1 |     176 |      0.5459363753 |       0.705314025
   174 |    1 |     174 |      0.8925725562 |      0.9478212386
   173 |    1 |     173 |       0.412533686 |      0.6146597102
   169 |    1 |     169 |      0.8502600393 |      0.9432363867
   167 |    1 |     167 |      0.8116553572 |      0.9105412365
   333 |    2 |     166 |     0.45095668945 |     0.64525835475
   330 |    2 |     165 |      0.4572768778 |     0.62918050745
   326 |    2 |     163 |     0.59085740405 |     0.72924626755
   486 |    3 |     162 |      0.5346636246 |      0.7066491091
   162 |    1 |     162 |      0.1824218059 |      0.4545158355
   325 |    2 |     162 |      0.4910849162 |     0.66981018835
   324 |    2 |     162 |     0.58651085915 |     0.72910102225
   161 |    1 |     161 |      0.4052619625 |      0.5969316162
   320 |    2 |     160 |     0.52348413175 |     0.67968873705
   318 |    2 |     159 |      0.4197967845 |     0.59820111545
   319 |    2 |     159 |     0.69702036445 |     0.79346066575
   312 |    2 |     156 |     0.60793121785 |      0.7591743611
   306 |    2 |     153 |     0.50252937665 |      0.6844413732
   446 |    3 |     148 | 0.774612698866667 |      0.8762163937
   296 |    2 |     148 |      0.4796466334 |      0.6704401738
   295 |    2 |     147 |     0.79921070625 |     0.91670767115
   292 |    2 |     146 |     0.83990330965 |     0.92895468635
   288 |    2 |     144 |     0.83547707745 |      0.9019340253
   143 |    1 |     143 |       0.437410582 |      0.6333412857
   285 |    2 |     142 |      0.8342358945 |      0.9208762417
   283 |    2 |     141 |       0.443038166 |      0.6281990463
   280 |    2 |     140 |     0.41022204135 |       0.584514346
   262 |    2 |     131 |       0.615032213 |     0.75534093685
   263 |    2 |     131 |       0.818465674 |      0.9086811488
   259 |    2 |     129 |     0.50221980325 |     0.67185396745
   129 |    1 |     129 |      0.3124312063 |      0.5490664609
   257 |    2 |     128 |     0.33769736965 |     0.55745889405
   126 |    1 |     126 |      0.4124176783 |       0.627210737
   374 |    3 |     124 | 0.362646555933333 | 0.570141412366667
   246 |    2 |     123 |     0.43777116055 |      0.6366672411
   242 |    2 |     121 |      0.6221191696 |     0.77282193855
   243 |    2 |     121 |      0.6186010903 |      0.7512502828
   241 |    2 |     120 |     0.58615857345 |      0.7333995149
   225 |    2 |     112 |     0.41248520055 |     0.60463350455
   222 |    2 |     111 |     0.59315681065 |      0.7239524613
   110 |    1 |     110 |      0.4307729009 |      0.6281525576
   331 |    3 |     110 |      0.5448947557 |      0.7095281591
   217 |    2 |     108 |     0.63505485185 |      0.7783113981
   211 |    2 |     105 |      0.3360050269 |      0.5497233251
   204 |    2 |     102 |      0.6154958028 |     0.76236716245
   308 |    3 |     102 | 0.401422426733333 | 0.605161117333333
   192 |    2 |      96 |     0.40677135465 |     0.59859525305
   276 |    3 |      92 | 0.504783809566667 | 0.677460502466667
   184 |    2 |      92 |      0.5434006461 |      0.7033155107
   182 |    2 |      91 |      0.4304032471 |       0.631339761
   181 |    2 |      90 |      0.4824255999 |     0.65486974015
   179 |    2 |      89 |     0.45152826155 |     0.63712896165
   172 |    2 |      86 |     0.41280786735 |     0.59839571455
   260 |    3 |      86 | 0.324837763366667 | 0.538318687766667
   170 |    2 |      85 |      0.5497411907 |     0.72202881865
   168 |    2 |      84 |      0.5489320536 |      0.6937841048
   252 |    3 |      84 | 0.419390442766667 |      0.6065953347
   165 |    2 |      82 |       0.622455909 |      0.7624980941
   247 |    3 |      82 | 0.583771468933333 | 0.742064527933333
   158 |    2 |      79 |     0.37041915175 |     0.57920843995
   156 |    2 |      78 |     0.61981296475 |      0.7530898902
   235 |    3 |      78 | 0.528536779966667 |      0.7017178031
   310 |    4 |      77 |      0.6336916083 |    0.774164070225
   154 |    2 |      77 |     0.52414538625 |     0.69101173325
   230 |    3 |      76 | 0.449043776133333 | 0.621358049033333
   151 |    2 |      75 |     0.43572312165 |     0.63063809205
   299 |    4 |      74 |     0.47847498315 |    0.665316162725
   223 |    3 |      74 |      0.6301949033 | 0.775469405033333
   220 |    3 |      73 | 0.397372693466667 |      0.6029027438
   214 |    3 |      71 |      0.4484668996 |      0.6322308333
   142 |    2 |      71 |       0.577307155 |      0.7241399205
   140 |    2 |      70 |      0.6029267276 |     0.75242587345
   212 |    3 |      70 | 0.346533367966667 |      0.5558093257
   208 |    3 |      69 | 0.396917895233333 | 0.611425653966667
   209 |    3 |      69 |      0.5159024539 |      0.6749747847
   201 |    3 |      67 |      0.2559950282 | 0.482578013766667
   135 |    2 |      67 |     0.35231705065 |     0.54621637945
   199 |    3 |      66 | 0.494395152166667 | 0.671955163833333
   200 |    3 |      66 |      0.4674935495 |      0.6563733497
   196 |    3 |      65 | 0.449356833133333 | 0.640605110933333
   128 |    2 |      64 |     0.54629502595 |      0.7138756059
   127 |    2 |      63 |     0.45932731065 |        0.63711999
   187 |    3 |      62 | 0.550693662133333 | 0.724778304966667
   116 |    2 |      58 |     0.58764251865 |      0.7419029636
   229 |    4 |      57 |    0.346396767575 |     0.56200856535
   224 |    4 |      56 |    0.479439253575 |    0.657882307025
   163 |    3 |      54 |      0.4484475793 |       0.632693132
   164 |    3 |      54 |      0.3343220399 | 0.537507887966667
   210 |    4 |      52 |    0.330884870775 |    0.549655499125
   103 |    2 |      51 |      0.3943367367 |      0.5810402679
   150 |    3 |      50 |      0.6868231721 |      0.8289830062
   147 |    3 |      49 |        0.43601267 | 0.624573551233333
   144 |    3 |      48 | 0.418098643133333 | 0.612590187233333
   195 |    4 |      48 |      0.5568013859 |     0.72060950485
   146 |    3 |      48 | 0.460068073666667 | 0.635307743666667
   189 |    4 |      47 |      0.6577641792 |      0.7879283208
   136 |    3 |      45 |      0.4228785109 | 0.635573004766667
    90 |    2 |      45 |     0.41993452025 |     0.60844860235
   183 |    4 |      45 |    0.577957334225 |    0.721652350475
   133 |    3 |      44 |      0.5642271314 | 0.718674204466667
   178 |    4 |      44 |      0.6491704172 |    0.789564358975
   132 |    3 |      44 |      0.3426520376 | 0.544671283233333
   130 |    3 |      43 | 0.358179204933333 | 0.581411481166667
   171 |    4 |      42 |    0.488715518225 |     0.66547102495
   123 |    3 |      41 | 0.659739526466667 |      0.7802062973
   166 |    4 |      41 |    0.523234007375 |    0.670227797925
   207 |    5 |      41 |     0.44441695452 |     0.64529732504
   202 |    5 |      40 |     0.67291539758 |      0.7981457028
   115 |    3 |      38 | 0.588474584933333 | 0.725559031066667
   145 |    4 |      36 |    0.533309756625 |     0.68873161315
   177 |    5 |      35 |     0.45348626744 |     0.64454807046
   139 |    4 |      34 |    0.376955643375 |    0.586838337325
   100 |    3 |      33 | 0.346822140366667 |      0.5739422476
   134 |    4 |      33 |     0.50297388725 |    0.673073686525
   155 |    5 |      31 |     0.54085169994 |      0.6960250939
   125 |    4 |      31 |       0.514134763 |    0.683157623075
   153 |    5 |      30 |     0.50544478108 |     0.68700638166
   149 |    5 |      29 |     0.43085613554 |     0.62713939598
   148 |    5 |      29 |      0.7327694154 |     0.84443558796
   114 |    4 |      28 |      0.3095335745 |     0.53633167885
   113 |    4 |      28 |     0.55560263855 |    0.691100326575
   111 |    4 |      27 |     0.28769879465 |     0.51683603565
   137 |    5 |      27 |     0.57273145676 |     0.71565145644
   104 |    4 |      26 |     0.50381111995 |    0.670911233675
    73 |    3 |      24 |      0.3879769588 | 0.572142526333333
   122 |    5 |      24 |     0.62239587454 |     0.76371975568
    92 |    4 |      23 |    0.562230004275 |    0.717886323225
   117 |    5 |      23 |     0.52690306272 |     0.69399293354
   108 |    5 |      21 |     0.32868782528 |     0.53790111052
   124 |    6 |      20 | 0.410574399166667 | 0.603866556566667
   121 |    6 |      20 | 0.579709049516667 | 0.732483136816667
    82 |    4 |      20 |    0.433561039225 |      0.6022965156
   141 |    7 |      20 | 0.392645156714286 | 0.597098222057143
    99 |    5 |      19 |      0.5503223276 |     0.70915735436
   118 |    6 |      19 |      0.4798399796 |     0.65345692865
    96 |    5 |      19 |     0.37841290216 |     0.58467125142
   109 |    6 |      18 | 0.520641774966667 | 0.683722450283333
    94 |    5 |      18 |     0.51204154618 |     0.67992473494
   105 |    6 |      17 | 0.325313772316667 | 0.540924884883333
   119 |    7 |      17 | 0.413985590985714 | 0.611324896857143
    86 |    5 |      17 |     0.49428860096 |     0.67188565742
   106 |    6 |      17 |     0.45243038355 | 0.636542284633333
   131 |    8 |      16 |    0.549810294325 |   0.7091277279125
    98 |    6 |      16 | 0.514423174733333 | 0.689927348683333
    80 |    5 |      16 |     0.33848300164 |      0.5584668419
   112 |    7 |      16 |      0.5254039992 | 0.684925495157143
   101 |    6 |      16 |     0.58864386735 | 0.744992566566667
   107 |    7 |      15 | 0.497773862242857 | 0.662785423357143
    95 |    6 |      15 |      0.5150496338 | 0.682006665183333
    89 |    6 |      14 | 0.355104902366667 | 0.557817982633333
    88 |    6 |      14 | 0.455010742116667 |     0.63158316425
    84 |    6 |      14 | 0.465850024283333 | 0.649110571483333
   102 |    7 |      14 |      0.5696114309 | 0.717117199142857
    81 |    6 |      13 | 0.444986822666667 |     0.63258612115
    78 |    6 |      13 |     0.31893884015 |      0.5340148593
    77 |    6 |      12 | 0.447898849333333 |     0.63238194615
   120 |   10 |      12 |     0.47772352827 |     0.65544281366
    75 |    6 |      12 | 0.429611873933333 |     0.61203977255
    85 |    7 |      12 | 0.494931082942857 | 0.667407411785714
    87 |    7 |      12 | 0.499943042657143 | 0.678313490685714
    97 |    8 |      12 |   0.4429136441875 |      0.6323756508
    91 |    8 |      11 |     0.39172286095 |    0.587719360375
    79 |    7 |      11 | 0.327861927257143 |      0.5388798225
    66 |    6 |      11 |      0.4909410973 |     0.67029021765
    61 |    6 |      10 | 0.472576273116667 |      0.6525590176
    83 |    8 |      10 |    0.432797529125 |   0.6151169129375
    65 |    7 |       9 | 0.421315873314286 | 0.612213335414286
    93 |   10 |       9 |     0.45528540975 |     0.63486832189
    74 |    8 |       9 |    0.339604545725 |   0.5558165535125
    76 |    8 |       9 |     0.51070175965 |    0.681833596325
    63 |    7 |       9 | 0.340911982257143 | 0.544072257871429
    58 |    7 |       8 | 0.468930172714286 | 0.644492803214286
    69 |    9 |       7 | 0.394093672433333 | 0.594173817777778
    67 |    9 |       7 | 0.415617778588889 | 0.601623059133333
    64 |    9 |       7 |      0.3445107877 | 0.548681230422222
    68 |   10 |       6 |     0.42163268691 |     0.61565697685
    72 |   11 |       6 |      0.4191521902 |       0.617786432
    51 |    8 |       6 |       0.329272688 |     0.54333320415
    70 |   13 |       5 | 0.319786018892308 | 0.542294138223077
    53 |    9 |       5 | 0.394798073077778 | 0.586611956866667
    49 |    9 |       5 | 0.411694155588889 | 0.600312432233333
    71 |   13 |       5 | 0.415382697107692 | 0.608037646923077
    59 |   10 |       5 |     0.43648168196 |     0.62682403009
    62 |   15 |       4 | 0.444886458573333 |      0.6266820633
    56 |   13 |       4 | 0.401334475569231 | 0.599944468207692
    60 |   13 |       4 | 0.518424882392308 | 0.684424663838461
    46 |   14 |       3 | 0.358551089414286 | 0.561884615128571
    45 |   13 |       3 |      0.4437099934 | 0.629636303930769
    52 |   15 |       3 | 0.382486435813333 | 0.578000133826667
    39 |   12 |       3 | 0.371144792533333 |     0.57216747715
    54 |   14 |       3 | 0.382817295192857 | 0.576167404378571
    55 |   14 |       3 | 0.429664882128571 | 0.618986876257143
    57 |   15 |       3 | 0.434695589546667 | 0.621727471773333
    50 |   16 |       3 |   0.4399193778375 |   0.6148246880625
    44 |   14 |       3 | 0.387435025992857 | 0.587087217628571
    42 |   15 |       2 | 0.398267999146667 | 0.588063768053333
    40 |   14 |       2 | 0.433670220214286 |     0.62062964365
    43 |   20 |       2 |    0.362999119655 |      0.5699233509
    48 |   19 |       2 | 0.420051013752632 | 0.611167222084211
    47 |   18 |       2 | 0.418036714366667 | 0.610643112444444
    31 |   29 |       1 | 0.345441159127586 | 0.550074698282759
    37 |   23 |       1 | 0.342005978673913 | 0.552828114282609
    35 |   29 |       1 | 0.361655333737931 | 0.556756330810345
    34 |   26 |       1 | 0.370350294323077 | 0.565589344342308
    38 |   23 |       1 | 0.358920770904348 | 0.561860606465217
    36 |   26 |       1 | 0.350787452253846 | 0.553962860169231
    33 |   21 |       1 |  0.32222918987619 | 0.533919663219048
    41 |   27 |       1 |  0.39972675907037 | 0.592338139744444
    23 |   42 |       0 | 0.295667403190476 | 0.514413390378571
     1 | 1293 |       0 | 0.136060809392421 | 0.388607311588245
    28 |   40 |       0 |     0.33116423879 |    0.537705746115
    12 |  113 |       0 | 0.290515397834513 | 0.509548569769026
     2 |  924 |       0 | 0.157335506998593 | 0.406303663013961
    10 |  141 |       0 | 0.254342579100709 | 0.481974039852482
     5 |  333 |       0 | 0.205279836663664 | 0.444874560443844
     4 |  466 |       0 | 0.184675434607081 |  0.42689756016588
    19 |   63 |       0 | 0.308182446285714 | 0.520672659128571
     9 |  168 |       0 | 0.270042455591667 | 0.494100236560714
    27 |   38 |       0 | 0.351841190326316 | 0.559177397281579
    20 |   54 |       0 | 0.325542810646296 | 0.532719973688889
    30 |   35 |       0 | 0.376293428394286 | 0.579545622871429
    24 |   44 |       0 | 0.319174823018182 | 0.533593655679546
    17 |   74 |       0 | 0.280468394166216 | 0.501847137954054
    22 |   47 |       0 | 0.295692065257447 | 0.513943465346809
    25 |   38 |       0 | 0.319425433128947 | 0.537829882747368
    14 |   80 |       0 |   0.2890085526625 |    0.509358545405
    32 |   43 |       0 |  0.38942419557907 | 0.580541851962791
    16 |   79 |       0 | 0.306594292497468 | 0.519960304803797
    18 |   63 |       0 | 0.311372871693651 | 0.525413748974603
    11 |  114 |       0 | 0.285745332925439 | 0.509520452722807
     3 |  608 |       0 | 0.169985925030921 | 0.415120587235691
    21 |   55 |       0 | 0.313934117589091 | 0.529231674983637
     6 |  268 |       0 | 0.223630055595896 | 0.455971535581343
    29 |   31 |       0 | 0.311641076016129 | 0.529717537445161
    26 |   38 |       0 | 0.344180396960526 | 0.551266762278947
    13 |   85 |       0 | 0.276998121896471 | 0.495586843637647
     8 |  183 |       0 | 0.248510199200546 | 0.477022479447541
    15 |   88 |       0 | 0.290569664257955 | 0.508063984263636
     7 |  249 |       0 | 0.230445770542972 | 0.466220357484739
(683 rows)

